# #Measured DL_transfer function, Amp, [rad]
-2.245866473095172733e-01
-2.609860762924945399e-01
-2.989791638958101960e-01
-3.507769792311166146e-01
-4.294303130514344202e-01
-4.951930301014141333e-01
-5.529939750016097388e-01
-6.151247053259680797e-01
-6.660024172468498316e-01
-7.424311142369074412e-01
-8.131992174396105444e-01
-9.234467569623334704e-01
-9.631157060469403008e-01
-1.004165843816694714e+00
-1.073496921283098704e+00
-1.138287160038103929e+00
-1.190270836582795866e+00
-1.241749054459762691e+00
-1.347244738892131144e+00
-1.420514911888625331e+00
-1.489831481476659558e+00
-1.561331154089372619e+00
-1.635291415190632591e+00
-1.696600133422256240e+00
-1.765900557854400921e+00
-1.847670221523119105e+00
-1.918167802041257586e+00
-1.989763897061898712e+00
-2.057578898619929930e+00
-2.133002506750446781e+00
-2.199030764641280555e+00
-2.271552188613359391e+00
-2.345289628675829352e+00
-2.422265537343141872e+00
-2.493582300998438139e+00
-2.558707359008133952e+00
-2.634558892478828795e+00
-2.706726770942625038e+00
-2.769365528208397098e+00
-2.848363345018541715e+00
-2.911841201947869440e+00
-2.963638465661695420e+00
-3.044121740276204413e+00
-6.257574502138339767e+00
-3.192059861126745446e+00
-3.268297058524360477e+00
-3.336461402108136021e+00
-3.394415217142323193e+00
-3.453226075042569843e+00
-3.527682398092530924e+00
-3.590980443995369420e+00
-3.657115165255826916e+00
-3.719308236084444275e+00
-3.782533109741393673e+00
-3.861950459266089819e+00
-3.929044265839673589e+00
-3.987445103937748314e+00
-4.047078072571894225e+00
-4.104022068933223188e+00
-4.169865905155689667e+00
-4.228089636721083622e+00
-4.279064006031735090e+00
-4.328223577216361306e+00
-4.380712380859484334e+00
-4.459931533204589904e+00
-4.553327748974838940e+00
-4.632293326167408409e+00
-4.695429556054113718e+00
-4.757776968762184033e+00
-4.831835456836413023e+00
-4.904777490462423728e+00
-4.987560982465556236e+00
-5.100857349947176544e+00
-5.162114227328383542e+00
-5.162833914143293512e+00
-5.202448874072789664e+00
-5.272484024782400525e+00
-5.315514255254178977e+00
-5.379711006219508818e+00
-5.365967893241402109e+00
-5.149791623386206219e+00
-5.102336253825273005e+00
-5.275014770285963550e+00
-5.206512723370567031e+00
-5.208281788851893523e+00
-5.405257507110672321e+00
-5.808188462827444276e+00
-6.262209279453800015e+00
-5.674344339707794838e+00
-5.574081694624265282e+00
-5.952279885059793330e+00
-6.150046928489490305e+00
-6.116979000592039029e+00
-6.207174138832866284e+00
-6.460601362171527029e+00
-6.557881763688719445e+00
-6.624778340391702436e+00
-6.732584138135571550e+00
-6.861650398522292527e+00
-6.949218041810893531e+00
-7.008780435645082463e+00
-7.039621488731091503e+00
-7.082518969709538759e+00
-7.107670306918691061e+00
-7.151168329974793458e+00
-7.223092851537632697e+00
-7.294436508222453597e+00
-7.350534452150600195e+00
-7.420543454348377921e+00
-7.482958241159469281e+00
-7.532527419299491100e+00
-7.595022834779337373e+00
-7.666216281538086541e+00
-7.742983516422860646e+00
-7.786651012956910201e+00
-7.855838195698099824e+00
-7.929076176754087157e+00
-7.984223831631894974e+00
-8.056239403621381356e+00
-8.132186912224558029e+00
-8.217098766977752433e+00
-8.297293547174582784e+00
-8.344348836433955086e+00
-8.399362790603204232e+00
-8.480327410832611434e+00
-8.565203603320329151e+00
-8.662069270226973927e+00
-8.724848856830421440e+00
-8.777942929809617212e+00
-8.837317469278438864e+00
-8.911518541755162559e+00
-8.986135377297390647e+00
-9.057329175295782520e+00
-9.123391774166336177e+00
-9.198783154036132004e+00
-9.297079766032648962e+00
-1.253593739453186018e+01
-9.446065698153079282e+00
-9.470610775370882806e+00
-9.524559038893002594e+00
-9.650336519341511377e+00
-9.766652820274320135e+00
-9.858392361772603252e+00
-9.884766049252680986e+00
-9.940230662367664394e+00
-1.002317342104049303e+01
-1.008903341191559733e+01
