# #Measured DL_transfer function, f[Hz], cpx
1.599999999999999645e+01
1.999999999999999645e+01
2.399999999999999289e+01
2.799999999999999289e+01
3.199999999999999289e+01
3.599999999999999289e+01
3.999999999999999289e+01
4.399999999999999289e+01
4.799999999999998579e+01
5.199999999999998579e+01
5.599999999999998579e+01
5.999999999999998579e+01
6.399999999999998579e+01
6.799999999999998579e+01
7.199999999999998579e+01
7.599999999999998579e+01
7.999999999999998579e+01
8.399999999999998579e+01
8.799999999999998579e+01
9.199999999999998579e+01
9.599999999999997158e+01
9.999999999999997158e+01
1.039999999999999716e+02
1.079999999999999716e+02
1.119999999999999716e+02
1.159999999999999716e+02
1.199999999999999716e+02
1.239999999999999716e+02
1.279999999999999716e+02
1.319999999999999716e+02
1.359999999999999716e+02
1.399999999999999716e+02
1.439999999999999716e+02
1.479999999999999716e+02
1.519999999999999716e+02
1.559999999999999716e+02
1.599999999999999716e+02
1.639999999999999716e+02
1.679999999999999716e+02
1.719999999999999716e+02
1.759999999999999716e+02
1.799999999999999716e+02
1.839999999999999716e+02
1.879999999999999716e+02
1.919999999999999432e+02
1.959999999999999432e+02
1.999999999999999432e+02
2.039999999999999432e+02
2.079999999999999432e+02
2.119999999999999432e+02
2.159999999999999432e+02
2.199999999999999432e+02
2.239999999999999432e+02
2.279999999999999432e+02
2.319999999999999432e+02
2.359999999999999432e+02
2.399999999999999432e+02
2.439999999999999432e+02
2.479999999999999432e+02
2.519999999999999432e+02
2.559999999999999432e+02
2.599999999999999432e+02
2.639999999999999432e+02
2.679999999999999432e+02
2.719999999999999432e+02
2.759999999999999432e+02
2.799999999999999432e+02
2.839999999999999432e+02
2.879999999999999432e+02
2.919999999999999432e+02
2.959999999999999432e+02
2.999999999999999432e+02
3.039999999999999432e+02
3.079999999999999432e+02
3.119999999999999432e+02
3.159999999999999432e+02
3.199999999999999432e+02
3.239999999999999432e+02
3.279999999999999432e+02
3.319999999999999432e+02
3.359999999999999432e+02
3.399999999999999432e+02
3.439999999999999432e+02
3.479999999999999432e+02
3.519999999999999432e+02
3.559999999999999432e+02
3.599999999999999432e+02
3.639999999999999432e+02
3.679999999999999432e+02
3.719999999999999432e+02
3.759999999999999432e+02
3.799999999999999432e+02
3.839999999999998863e+02
3.879999999999998863e+02
3.919999999999998863e+02
3.959999999999998863e+02
3.999999999999998863e+02
4.039999999999998863e+02
4.079999999999998863e+02
4.119999999999998863e+02
4.159999999999998863e+02
4.199999999999998863e+02
4.239999999999998863e+02
4.279999999999998863e+02
4.319999999999998863e+02
4.359999999999998863e+02
4.399999999999998863e+02
4.439999999999998863e+02
4.479999999999998863e+02
4.519999999999998863e+02
4.559999999999998863e+02
4.599999999999998863e+02
4.639999999999998863e+02
4.679999999999998863e+02
4.719999999999998863e+02
4.759999999999998863e+02
4.799999999999998863e+02
4.839999999999998863e+02
4.879999999999998863e+02
4.919999999999998863e+02
4.959999999999998863e+02
4.999999999999998863e+02
5.039999999999998863e+02
5.079999999999998863e+02
5.119999999999998863e+02
5.159999999999998863e+02
5.199999999999998863e+02
5.239999999999998863e+02
5.279999999999998863e+02
5.319999999999998863e+02
5.359999999999998863e+02
5.399999999999998863e+02
5.439999999999998863e+02
5.479999999999998863e+02
5.519999999999998863e+02
5.559999999999998863e+02
5.599999999999998863e+02
5.639999999999998863e+02
5.679999999999998863e+02
5.719999999999998863e+02
5.759999999999998863e+02
5.799999999999998863e+02
5.839999999999998863e+02
5.879999999999998863e+02
5.919999999999998863e+02
5.959999999999998863e+02
5.999999999999998863e+02
