# #Measured DL_transfer function, Amp, real
9.946851581636955153e-01
1.020375108530116703e+00
1.033230812950240773e+00
1.025700862326436535e+00
1.031788419541319168e+00
1.046329454432143535e+00
1.055750248149844195e+00
1.064391475910058116e+00
1.080595102174056077e+00
1.099904518732531145e+00
1.101793613789031179e+00
1.108443993175457498e+00
1.131598178013949241e+00
1.116246681114780204e+00
1.117776927803431297e+00
1.115607170517672442e+00
1.131887335179148524e+00
1.142571194509835353e+00
1.132466169662001976e+00
1.133881569224320263e+00
1.128617230355385859e+00
1.123504066880738117e+00
1.133887874924038197e+00
1.135572872202846861e+00
1.136379895228269321e+00
1.133078705757954774e+00
1.126997426800740998e+00
1.121095405562542391e+00
1.117288223808660330e+00
1.111461406355326753e+00
1.102439851300056395e+00
1.097242782003051476e+00
1.091229002479611632e+00
1.088317879703031510e+00
1.076232659926035451e+00
1.062509180085307481e+00
1.048303633726059170e+00
1.043773006947317228e+00
1.036021337341326731e+00
1.021878487009303171e+00
9.848154368079782284e-01
9.894537953270552411e-01
9.932033662885366709e-01
9.774751169277975382e-01
9.617133087229838839e-01
9.472353173429702844e-01
9.299706314267660590e-01
9.207163449509159214e-01
9.047483396103142006e-01
8.905195816620077309e-01
8.777710777546742227e-01
8.624283340553490218e-01
8.526908580455866415e-01
8.454765665914855122e-01
8.299744220224856139e-01
8.088701231886563647e-01
7.909429627736783708e-01
7.792123797807476437e-01
7.709506108731780660e-01
7.624166142960241421e-01
7.424220015970831588e-01
7.263443531592890245e-01
7.208332167147613045e-01
7.289651967215799999e-01
7.377494014250507437e-01
7.299486011043383460e-01
7.084139920632348542e-01
6.885755547625366235e-01
6.715107912926568945e-01
6.625568974348842177e-01
6.560246740160622370e-01
6.533684566449656783e-01
6.170160537599057582e-01
5.608514926231716879e-01
5.290140771791331797e-01
5.293682115426070478e-01
5.126656595580283415e-01
4.848330000035629417e-01
4.520061224424902768e-01
3.951568130129500811e-01
3.788986630352700336e-01
4.837639071480711594e-01
5.105474029249352785e-01
4.912771681430850856e-01
6.188252489880129437e-01
7.617102592324765942e-01
8.415450416831993241e-01
5.650918933805068045e-01
3.526092147305887048e-01
6.191862712965209292e-01
7.110375154033908851e-01
6.064648157685718077e-01
5.834573126119362296e-01
6.668966932214847043e-01
6.474674398509293605e-01
5.603330759455168453e-01
5.523951053207156736e-01
5.400496695781202838e-01
5.075943529140893862e-01
4.683332783753739181e-01
4.253305053661437518e-01
4.007247227536567258e-01
3.821496401775483776e-01
3.723336900693028362e-01
3.649584404000162929e-01
3.583601335646499630e-01
3.505173497843702135e-01
3.380060052419843752e-01
3.327912075497895250e-01
3.239291253092409506e-01
3.111062291651792155e-01
3.019916619559233073e-01
2.937477940641258223e-01
2.807730710176855604e-01
2.723566988600073513e-01
2.691055974714586796e-01
2.637771878066174636e-01
2.605808983132142931e-01
2.534117931485723729e-01
2.416681926933454960e-01
2.349781985632021786e-01
2.316800356518776971e-01
2.250745632088214654e-01
2.139746494621121709e-01
2.045142968642342796e-01
1.983790545498454738e-01
1.907158623366272121e-01
1.848551371899777307e-01
1.770509596960154475e-01
1.713576167538859718e-01
1.602345509292080472e-01
1.522030338735467503e-01
1.451738729550561824e-01
1.379479882542878899e-01
1.330632077578166039e-01
1.251662896572283690e-01
1.157594641125454654e-01
1.108418789521788683e-01
1.062190824930331207e-01
9.564764456015652228e-02
8.759147817188339680e-02
8.640641626862309577e-02
8.498005007858069892e-02
7.866923471241862864e-02
7.051391739211684828e-02
6.591388152305087400e-02
6.464480135621938905e-02
