# #Measured DL_transfer function, f[Hz]
0.000000000000000000e+00
2.352941176470587870e+00
4.705882352941175739e+00
7.058823529411763609e+00
9.411764705882351478e+00
1.176470588235293846e+01
1.411764705882352722e+01
1.647058823529411598e+01
1.882352941176470296e+01
2.117647058823528994e+01
2.352941176470587692e+01
2.588235294117646745e+01
2.823529411764705443e+01
3.058823529411764142e+01
3.294117647058823195e+01
3.529411764705881893e+01
3.764705882352940591e+01
3.999999999999999289e+01
4.235294117647057988e+01
4.470588235294116686e+01
4.705882352941175384e+01
4.941176470588234793e+01
5.176470588235293491e+01
5.411764705882352189e+01
5.647058823529410887e+01
5.882352941176469585e+01
6.117647058823528283e+01
6.352941176470586981e+01
6.588235294117646390e+01
6.823529411764704378e+01
7.058823529411763786e+01
7.294117647058821774e+01
7.529411764705881183e+01
7.764705882352940591e+01
7.999999999999998579e+01
8.235294117647057988e+01
8.470588235294115975e+01
8.705882352941175384e+01
8.941176470588233371e+01
9.176470588235292780e+01
9.411764705882350768e+01
9.647058823529410176e+01
9.882352941176469585e+01
1.011764705882352757e+02
1.035294117647058698e+02
1.058823529411764497e+02
1.082352941176470438e+02
1.105882352941176237e+02
1.129411764705882177e+02
1.152941176470588118e+02
1.176470588235293917e+02
1.199999999999999858e+02
1.223529411764705657e+02
1.247058823529411598e+02
1.270588235294117396e+02
1.294117647058823195e+02
1.317647058823529278e+02
1.341176470588235077e+02
1.364705882352940876e+02
1.388235294117646959e+02
1.411764705882352757e+02
1.435294117647058556e+02
1.458823529411764355e+02
1.482352941176470438e+02
1.505882352941176237e+02
1.529411764705882035e+02
1.552941176470588118e+02
1.576470588235293917e+02
1.599999999999999716e+02
1.623529411764705515e+02
1.647058823529411598e+02
1.670588235294117396e+02
1.694117647058823195e+02
1.717647058823529278e+02
1.741176470588235077e+02
1.764705882352940876e+02
1.788235294117646674e+02
1.811764705882352757e+02
1.835294117647058556e+02
1.858823529411764355e+02
1.882352941176470154e+02
1.905882352941176237e+02
1.929411764705882035e+02
1.952941176470587834e+02
1.976470588235293917e+02
1.999999999999999716e+02
2.023529411764705515e+02
2.047058823529411313e+02
2.070588235294117396e+02
2.094117647058823195e+02
2.117647058823528994e+02
2.141176470588235077e+02
2.164705882352940876e+02
2.188235294117646674e+02
2.211764705882352473e+02
2.235294117647058556e+02
2.258823529411764355e+02
2.282352941176470154e+02
2.305882352941176237e+02
2.329411764705882035e+02
2.352941176470587834e+02
2.376470588235293633e+02
2.399999999999999716e+02
2.423529411764705515e+02
2.447058823529411313e+02
2.470588235294117396e+02
2.494117647058823195e+02
2.517647058823528994e+02
2.541176470588234793e+02
2.564705882352940876e+02
2.588235294117646390e+02
2.611764705882352473e+02
2.635294117647058556e+02
2.658823529411764071e+02
2.682352941176470154e+02
2.705882352941176237e+02
2.729411764705881751e+02
2.752941176470587834e+02
2.776470588235293917e+02
2.799999999999999432e+02
2.823529411764705515e+02
2.847058823529411598e+02
2.870588235294117112e+02
2.894117647058823195e+02
2.917647058823528710e+02
2.941176470588234793e+02
2.964705882352940876e+02
2.988235294117646390e+02
3.011764705882352473e+02
3.035294117647058556e+02
3.058823529411764071e+02
3.082352941176470154e+02
3.105882352941176237e+02
3.129411764705881751e+02
3.152941176470587834e+02
3.176470588235293349e+02
3.199999999999999432e+02
3.223529411764705515e+02
3.247058823529411029e+02
3.270588235294117112e+02
3.294117647058823195e+02
3.317647058823528710e+02
3.341176470588234793e+02
3.364705882352940876e+02
3.388235294117646390e+02
3.411764705882352473e+02
3.435294117647058556e+02
3.458823529411764071e+02
3.482352941176470154e+02
3.505882352941175668e+02
3.529411764705881751e+02
3.552941176470587834e+02
3.576470588235293349e+02
3.599999999999999432e+02
3.623529411764705515e+02
3.647058823529411029e+02
3.670588235294117112e+02
3.694117647058823195e+02
3.717647058823528710e+02
3.741176470588234793e+02
3.764705882352940307e+02
3.788235294117646390e+02
3.811764705882352473e+02
3.835294117647057988e+02
3.858823529411764071e+02
3.882352941176470154e+02
3.905882352941175668e+02
3.929411764705881751e+02
3.952941176470587834e+02
3.976470588235293349e+02
3.999999999999999432e+02
4.023529411764705515e+02
4.047058823529411029e+02
4.070588235294117112e+02
4.094117647058822627e+02
4.117647058823528710e+02
4.141176470588234793e+02
4.164705882352940307e+02
4.188235294117646390e+02
4.211764705882352473e+02
4.235294117647057988e+02
4.258823529411764071e+02
4.282352941176470154e+02
4.305882352941175668e+02
4.329411764705881751e+02
4.352941176470587834e+02
4.376470588235293349e+02
4.399999999999999432e+02
4.423529411764704946e+02
4.447058823529411029e+02
4.470588235294117112e+02
4.494117647058822627e+02
4.517647058823528710e+02
4.541176470588234793e+02
4.564705882352940307e+02
4.588235294117646390e+02
4.611764705882352473e+02
4.635294117647057988e+02
4.658823529411764071e+02
4.682352941176469585e+02
4.705882352941175668e+02
4.729411764705881751e+02
4.752941176470587266e+02
4.776470588235293349e+02
4.799999999999999432e+02
4.823529411764704946e+02
4.847058823529411029e+02
4.870588235294117112e+02
4.894117647058822627e+02
4.917647058823528710e+02
4.941176470588234793e+02
4.964705882352940307e+02
4.988235294117646390e+02
5.011764705882351905e+02
5.035294117647057988e+02
5.058823529411764071e+02
5.082352941176469585e+02
5.105882352941175668e+02
5.129411764705881751e+02
5.152941176470587834e+02
5.176470588235292780e+02
5.199999999999998863e+02
5.223529411764704946e+02
5.247058823529411029e+02
5.270588235294117112e+02
5.294117647058823195e+02
5.317647058823528141e+02
5.341176470588234224e+02
5.364705882352940307e+02
5.388235294117646390e+02
5.411764705882352473e+02
5.435294117647057419e+02
5.458823529411763502e+02
5.482352941176469585e+02
5.505882352941175668e+02
5.529411764705881751e+02
5.552941176470587834e+02
5.576470588235292780e+02
5.599999999999998863e+02
5.623529411764704946e+02
5.647058823529411029e+02
5.670588235294117112e+02
5.694117647058823195e+02
5.717647058823528141e+02
5.741176470588234224e+02
5.764705882352940307e+02
5.788235294117646390e+02
5.811764705882352473e+02
5.835294117647057419e+02
5.858823529411763502e+02
5.882352941176469585e+02
5.905882352941175668e+02
5.929411764705881751e+02
5.952941176470587834e+02
5.976470588235292780e+02
5.999999999999998863e+02
6.023529411764704946e+02
6.047058823529411029e+02
6.070588235294117112e+02
6.094117647058822058e+02
6.117647058823528141e+02
6.141176470588234224e+02
6.164705882352940307e+02
6.188235294117646390e+02
6.211764705882352473e+02
6.235294117647057419e+02
6.258823529411763502e+02
6.282352941176469585e+02
6.305882352941175668e+02
6.329411764705881751e+02
6.352941176470586697e+02
6.376470588235292780e+02
6.399999999999998863e+02
6.423529411764704946e+02
6.447058823529411029e+02
6.470588235294117112e+02
6.494117647058822058e+02
6.517647058823528141e+02
6.541176470588234224e+02
6.564705882352940307e+02
6.588235294117646390e+02
6.611764705882352473e+02
6.635294117647057419e+02
6.658823529411763502e+02
6.682352941176469585e+02
6.705882352941175668e+02
6.729411764705881751e+02
6.752941176470586697e+02
6.776470588235292780e+02
6.799999999999998863e+02
6.823529411764704946e+02
6.847058823529411029e+02
6.870588235294117112e+02
6.894117647058822058e+02
6.917647058823528141e+02
6.941176470588234224e+02
6.964705882352940307e+02
6.988235294117646390e+02
7.011764705882351336e+02
7.035294117647057419e+02
7.058823529411763502e+02
7.082352941176469585e+02
7.105882352941175668e+02
7.129411764705881751e+02
7.152941176470586697e+02
7.176470588235292780e+02
7.199999999999998863e+02
7.223529411764704946e+02
7.247058823529411029e+02
7.270588235294115975e+02
7.294117647058822058e+02
7.317647058823528141e+02
7.341176470588234224e+02
7.364705882352940307e+02
7.388235294117646390e+02
7.411764705882351336e+02
7.435294117647057419e+02
7.458823529411763502e+02
7.482352941176469585e+02
7.505882352941175668e+02
7.529411764705880614e+02
7.552941176470586697e+02
7.576470588235292780e+02
7.599999999999998863e+02
7.623529411764704946e+02
7.647058823529411029e+02
7.670588235294115975e+02
7.694117647058822058e+02
7.717647058823528141e+02
7.741176470588234224e+02
7.764705882352940307e+02
7.788235294117646390e+02
7.811764705882351336e+02
7.835294117647057419e+02
7.858823529411763502e+02
7.882352941176469585e+02
7.905882352941175668e+02
7.929411764705880614e+02
7.952941176470586697e+02
7.976470588235292780e+02
7.999999999999998863e+02
8.023529411764704946e+02
8.047058823529411029e+02
8.070588235294115975e+02
8.094117647058822058e+02
8.117647058823528141e+02
8.141176470588234224e+02
8.164705882352940307e+02
8.188235294117645253e+02
8.211764705882351336e+02
8.235294117647057419e+02
8.258823529411763502e+02
8.282352941176469585e+02
8.305882352941175668e+02
8.329411764705880614e+02
8.352941176470586697e+02
8.376470588235292780e+02
8.399999999999998863e+02
8.423529411764704946e+02
8.447058823529409892e+02
8.470588235294115975e+02
8.494117647058822058e+02
8.517647058823528141e+02
8.541176470588234224e+02
8.564705882352940307e+02
8.588235294117645253e+02
8.611764705882351336e+02
8.635294117647057419e+02
8.658823529411763502e+02
8.682352941176469585e+02
8.705882352941175668e+02
8.729411764705880614e+02
8.752941176470586697e+02
8.776470588235292780e+02
8.799999999999998863e+02
8.823529411764704946e+02
8.847058823529409892e+02
8.870588235294115975e+02
8.894117647058822058e+02
8.917647058823528141e+02
8.941176470588234224e+02
8.964705882352940307e+02
8.988235294117645253e+02
9.011764705882351336e+02
9.035294117647057419e+02
9.058823529411763502e+02
9.082352941176469585e+02
9.105882352941174531e+02
9.129411764705880614e+02
9.152941176470586697e+02
9.176470588235292780e+02
9.199999999999998863e+02
9.223529411764704946e+02
9.247058823529409892e+02
9.270588235294115975e+02
9.294117647058822058e+02
9.317647058823528141e+02
9.341176470588234224e+02
9.364705882352939170e+02
9.388235294117645253e+02
9.411764705882351336e+02
9.435294117647057419e+02
9.458823529411763502e+02
9.482352941176469585e+02
9.505882352941174531e+02
9.529411764705880614e+02
9.552941176470586697e+02
9.576470588235292780e+02
9.599999999999998863e+02
9.623529411764704946e+02
9.647058823529409892e+02
9.670588235294115975e+02
9.694117647058822058e+02
9.717647058823528141e+02
9.741176470588234224e+02
9.764705882352939170e+02
9.788235294117645253e+02
9.811764705882351336e+02
9.835294117647057419e+02
9.858823529411763502e+02
9.882352941176469585e+02
9.905882352941174531e+02
9.929411764705880614e+02
9.952941176470586697e+02
9.976470588235292780e+02
9.999999999999998863e+02
1.002352941176470381e+03
1.004705882352940989e+03
1.007058823529411598e+03
1.009411764705882206e+03
1.011764705882352814e+03
1.014117647058823422e+03
1.016470588235293917e+03
1.018823529411764525e+03
1.021176470588235134e+03
1.023529411764705742e+03
1.025882352941176350e+03
1.028235294117646845e+03
1.030588235294117567e+03
1.032941176470588061e+03
1.035294117647058556e+03
1.037647058823529278e+03
1.039999999999999773e+03
1.042352941176470495e+03
1.044705882352940989e+03
1.047058823529411711e+03
1.049411764705882206e+03
1.051764705882352700e+03
1.054117647058823422e+03
1.056470588235293917e+03
1.058823529411764639e+03
1.061176470588235134e+03
1.063529411764705628e+03
1.065882352941176350e+03
1.068235294117646845e+03
1.070588235294117567e+03
1.072941176470588061e+03
1.075294117647058556e+03
1.077647058823529278e+03
1.079999999999999773e+03
1.082352941176470495e+03
1.084705882352940989e+03
1.087058823529411484e+03
1.089411764705882206e+03
1.091764705882352700e+03
1.094117647058823422e+03
1.096470588235293917e+03
1.098823529411764639e+03
1.101176470588235134e+03
1.103529411764705628e+03
1.105882352941176350e+03
1.108235294117646845e+03
1.110588235294117567e+03
1.112941176470588061e+03
1.115294117647058556e+03
1.117647058823529278e+03
1.119999999999999773e+03
1.122352941176470495e+03
1.124705882352940989e+03
1.127058823529411484e+03
1.129411764705882206e+03
1.131764705882352700e+03
1.134117647058823422e+03
1.136470588235293917e+03
1.138823529411764639e+03
1.141176470588235134e+03
1.143529411764705628e+03
1.145882352941176350e+03
1.148235294117646845e+03
1.150588235294117567e+03
1.152941176470588061e+03
1.155294117647058556e+03
1.157647058823529278e+03
1.159999999999999773e+03
1.162352941176470495e+03
1.164705882352940989e+03
1.167058823529411484e+03
1.169411764705882206e+03
1.171764705882352700e+03
1.174117647058823422e+03
1.176470588235293917e+03
1.178823529411764412e+03
1.181176470588235134e+03
1.183529411764705628e+03
1.185882352941176350e+03
1.188235294117646845e+03
1.190588235294117567e+03
1.192941176470588061e+03
1.195294117647058556e+03
1.197647058823529278e+03
1.199999999999999773e+03
1.202352941176470495e+03
1.204705882352940989e+03
1.207058823529411484e+03
1.209411764705882206e+03
1.211764705882352700e+03
1.214117647058823422e+03
1.216470588235293917e+03
1.218823529411764412e+03
1.221176470588235134e+03
1.223529411764705628e+03
1.225882352941176350e+03
1.228235294117646845e+03
1.230588235294117567e+03
1.232941176470588061e+03
1.235294117647058556e+03
1.237647058823529278e+03
1.239999999999999773e+03
1.242352941176470495e+03
1.244705882352940989e+03
1.247058823529411484e+03
1.249411764705882206e+03
1.251764705882352700e+03
1.254117647058823422e+03
1.256470588235293917e+03
1.258823529411764412e+03
1.261176470588235134e+03
1.263529411764705628e+03
1.265882352941176350e+03
1.268235294117646845e+03
1.270588235294117339e+03
1.272941176470588061e+03
1.275294117647058556e+03
1.277647058823529278e+03
1.279999999999999773e+03
1.282352941176470495e+03
1.284705882352940989e+03
1.287058823529411484e+03
1.289411764705882206e+03
1.291764705882352700e+03
1.294117647058823422e+03
1.296470588235293917e+03
1.298823529411764412e+03
1.301176470588235134e+03
1.303529411764705628e+03
1.305882352941176350e+03
1.308235294117646845e+03
1.310588235294117339e+03
1.312941176470588061e+03
1.315294117647058556e+03
1.317647058823529278e+03
1.319999999999999773e+03
1.322352941176470495e+03
1.324705882352940989e+03
1.327058823529411484e+03
1.329411764705882206e+03
1.331764705882352700e+03
1.334117647058823422e+03
1.336470588235293917e+03
1.338823529411764412e+03
1.341176470588235134e+03
1.343529411764705628e+03
1.345882352941176350e+03
1.348235294117646845e+03
1.350588235294117339e+03
1.352941176470588061e+03
1.355294117647058556e+03
1.357647058823529278e+03
1.359999999999999773e+03
1.362352941176470267e+03
1.364705882352940989e+03
1.367058823529411484e+03
1.369411764705882206e+03
1.371764705882352700e+03
1.374117647058823422e+03
1.376470588235293917e+03
1.378823529411764412e+03
1.381176470588235134e+03
1.383529411764705628e+03
1.385882352941176350e+03
1.388235294117646845e+03
1.390588235294117339e+03
1.392941176470588061e+03
1.395294117647058556e+03
1.397647058823529278e+03
1.399999999999999773e+03
1.402352941176470267e+03
1.404705882352940989e+03
1.407058823529411484e+03
1.409411764705882206e+03
1.411764705882352700e+03
1.414117647058823422e+03
1.416470588235293917e+03
1.418823529411764412e+03
1.421176470588235134e+03
1.423529411764705628e+03
1.425882352941176350e+03
1.428235294117646845e+03
1.430588235294117339e+03
1.432941176470588061e+03
1.435294117647058556e+03
1.437647058823529278e+03
1.439999999999999773e+03
1.442352941176470267e+03
1.444705882352940989e+03
1.447058823529411484e+03
1.449411764705882206e+03
1.451764705882352700e+03
1.454117647058823195e+03
1.456470588235293917e+03
1.458823529411764412e+03
1.461176470588235134e+03
1.463529411764705628e+03
1.465882352941176350e+03
1.468235294117646845e+03
1.470588235294117339e+03
1.472941176470588061e+03
1.475294117647058556e+03
1.477647058823529278e+03
1.479999999999999773e+03
1.482352941176470267e+03
1.484705882352940989e+03
1.487058823529411484e+03
1.489411764705882206e+03
1.491764705882352700e+03
1.494117647058823195e+03
1.496470588235293917e+03
1.498823529411764412e+03
1.501176470588235134e+03
1.503529411764705628e+03
1.505882352941176123e+03
1.508235294117646845e+03
1.510588235294117339e+03
1.512941176470588061e+03
1.515294117647058556e+03
1.517647058823529278e+03
1.519999999999999773e+03
1.522352941176470267e+03
1.524705882352940989e+03
1.527058823529411484e+03
1.529411764705882206e+03
1.531764705882352700e+03
1.534117647058823195e+03
1.536470588235293917e+03
1.538823529411764412e+03
1.541176470588235134e+03
1.543529411764705628e+03
1.545882352941176123e+03
1.548235294117646845e+03
1.550588235294117339e+03
1.552941176470588061e+03
1.555294117647058556e+03
1.557647058823529278e+03
1.559999999999999773e+03
1.562352941176470267e+03
1.564705882352940989e+03
1.567058823529411484e+03
1.569411764705882206e+03
1.571764705882352700e+03
1.574117647058823195e+03
1.576470588235293917e+03
1.578823529411764412e+03
1.581176470588235134e+03
1.583529411764705628e+03
1.585882352941176123e+03
1.588235294117646845e+03
1.590588235294117339e+03
1.592941176470588061e+03
1.595294117647058556e+03
1.597647058823529051e+03
1.599999999999999773e+03
1.602352941176470267e+03
1.604705882352940989e+03
1.607058823529411484e+03
1.609411764705882206e+03
1.611764705882352700e+03
1.614117647058823195e+03
1.616470588235293917e+03
1.618823529411764412e+03
1.621176470588235134e+03
1.623529411764705628e+03
1.625882352941176123e+03
1.628235294117646845e+03
1.630588235294117339e+03
1.632941176470588061e+03
1.635294117647058556e+03
1.637647058823529051e+03
1.639999999999999773e+03
1.642352941176470267e+03
1.644705882352940989e+03
1.647058823529411484e+03
1.649411764705882206e+03
1.651764705882352700e+03
1.654117647058823195e+03
1.656470588235293917e+03
1.658823529411764412e+03
1.661176470588235134e+03
1.663529411764705628e+03
1.665882352941176123e+03
1.668235294117646845e+03
1.670588235294117339e+03
1.672941176470588061e+03
1.675294117647058556e+03
1.677647058823529051e+03
1.679999999999999773e+03
1.682352941176470267e+03
1.684705882352940989e+03
1.687058823529411484e+03
1.689411764705881978e+03
1.691764705882352700e+03
1.694117647058823195e+03
1.696470588235293917e+03
1.698823529411764412e+03
1.701176470588235134e+03
1.703529411764705628e+03
1.705882352941176123e+03
1.708235294117646845e+03
1.710588235294117339e+03
1.712941176470588061e+03
1.715294117647058556e+03
1.717647058823529051e+03
1.719999999999999773e+03
1.722352941176470267e+03
1.724705882352940989e+03
1.727058823529411484e+03
1.729411764705881978e+03
1.731764705882352700e+03
1.734117647058823195e+03
1.736470588235293917e+03
1.738823529411764412e+03
1.741176470588235134e+03
1.743529411764705628e+03
1.745882352941176123e+03
1.748235294117646845e+03
1.750588235294117339e+03
1.752941176470588061e+03
1.755294117647058556e+03
1.757647058823529051e+03
1.759999999999999773e+03
1.762352941176470267e+03
1.764705882352940989e+03
1.767058823529411484e+03
1.769411764705881978e+03
1.771764705882352700e+03
1.774117647058823195e+03
1.776470588235293917e+03
1.778823529411764412e+03
1.781176470588234906e+03
1.783529411764705628e+03
1.785882352941176123e+03
1.788235294117646845e+03
1.790588235294117339e+03
1.792941176470588061e+03
1.795294117647058556e+03
1.797647058823529051e+03
1.799999999999999773e+03
1.802352941176470267e+03
1.804705882352940989e+03
1.807058823529411484e+03
1.809411764705881978e+03
1.811764705882352700e+03
1.814117647058823195e+03
1.816470588235293917e+03
1.818823529411764412e+03
1.821176470588234906e+03
1.823529411764705628e+03
1.825882352941176123e+03
1.828235294117646845e+03
1.830588235294117339e+03
1.832941176470588061e+03
1.835294117647058556e+03
1.837647058823529051e+03
1.839999999999999773e+03
1.842352941176470267e+03
1.844705882352940989e+03
1.847058823529411484e+03
1.849411764705881978e+03
1.851764705882352700e+03
1.854117647058823195e+03
1.856470588235293917e+03
1.858823529411764412e+03
1.861176470588234906e+03
1.863529411764705628e+03
1.865882352941176123e+03
1.868235294117646845e+03
1.870588235294117339e+03
1.872941176470587834e+03
1.875294117647058556e+03
1.877647058823529051e+03
1.879999999999999773e+03
1.882352941176470267e+03
1.884705882352940989e+03
1.887058823529411484e+03
1.889411764705881978e+03
1.891764705882352700e+03
1.894117647058823195e+03
1.896470588235293917e+03
1.898823529411764412e+03
1.901176470588234906e+03
1.903529411764705628e+03
1.905882352941176123e+03
1.908235294117646845e+03
1.910588235294117339e+03
1.912941176470587834e+03
1.915294117647058556e+03
1.917647058823529051e+03
1.919999999999999773e+03
1.922352941176470267e+03
1.924705882352940989e+03
1.927058823529411484e+03
1.929411764705881978e+03
1.931764705882352700e+03
1.934117647058823195e+03
1.936470588235293917e+03
1.938823529411764412e+03
1.941176470588234906e+03
1.943529411764705628e+03
1.945882352941176123e+03
1.948235294117646845e+03
1.950588235294117339e+03
1.952941176470587834e+03
1.955294117647058556e+03
1.957647058823529051e+03
1.959999999999999773e+03
1.962352941176470267e+03
1.964705882352940762e+03
1.967058823529411484e+03
1.969411764705881978e+03
1.971764705882352700e+03
1.974117647058823195e+03
1.976470588235293917e+03
1.978823529411764412e+03
1.981176470588234906e+03
1.983529411764705628e+03
1.985882352941176123e+03
1.988235294117646845e+03
1.990588235294117339e+03
1.992941176470587834e+03
1.995294117647058556e+03
1.997647058823529051e+03
1.999999999999999773e+03
