# #Measured DL_transfer function, f[Hz]
0.000000000000000000e+00
7.999999999999998224e-01
1.599999999999999645e+00
2.399999999999999467e+00
3.199999999999999289e+00
3.999999999999999112e+00
4.799999999999998934e+00
5.599999999999998757e+00
6.399999999999998579e+00
7.199999999999998401e+00
7.999999999999998224e+00
8.799999999999997158e+00
9.599999999999997868e+00
1.039999999999999858e+01
1.119999999999999751e+01
1.199999999999999645e+01
1.279999999999999716e+01
1.359999999999999787e+01
1.439999999999999680e+01
1.519999999999999574e+01
1.599999999999999645e+01
1.679999999999999716e+01
1.759999999999999432e+01
1.839999999999999503e+01
1.919999999999999574e+01
1.999999999999999645e+01
2.079999999999999716e+01
2.159999999999999432e+01
2.239999999999999503e+01
2.319999999999999574e+01
2.399999999999999289e+01
2.479999999999999361e+01
2.559999999999999432e+01
2.639999999999999503e+01
2.719999999999999574e+01
2.799999999999999289e+01
2.879999999999999361e+01
2.959999999999999432e+01
3.039999999999999147e+01
3.119999999999999218e+01
3.199999999999999289e+01
3.279999999999999005e+01
3.359999999999999432e+01
3.439999999999999147e+01
3.519999999999998863e+01
3.599999999999999289e+01
3.679999999999999005e+01
3.759999999999999432e+01
3.839999999999999147e+01
3.919999999999998863e+01
3.999999999999999289e+01
4.079999999999999005e+01
4.159999999999999432e+01
4.239999999999999147e+01
4.319999999999998863e+01
4.399999999999999289e+01
4.479999999999999005e+01
4.559999999999998721e+01
4.639999999999999147e+01
4.719999999999998863e+01
4.799999999999998579e+01
4.879999999999999005e+01
4.959999999999998721e+01
5.039999999999999147e+01
5.119999999999998863e+01
5.199999999999998579e+01
5.279999999999999005e+01
5.359999999999998721e+01
5.439999999999999147e+01
5.519999999999998863e+01
5.599999999999998579e+01
5.679999999999999005e+01
5.759999999999998721e+01
5.839999999999998437e+01
5.919999999999998863e+01
5.999999999999998579e+01
6.079999999999998295e+01
6.159999999999998721e+01
6.239999999999998437e+01
6.319999999999998863e+01
6.399999999999998579e+01
6.479999999999998295e+01
6.559999999999998010e+01
6.639999999999999147e+01
6.719999999999998863e+01
6.799999999999998579e+01
6.879999999999998295e+01
6.959999999999998010e+01
7.039999999999997726e+01
7.119999999999998863e+01
7.199999999999998579e+01
7.279999999999998295e+01
7.359999999999998010e+01
7.439999999999997726e+01
7.519999999999998863e+01
7.599999999999998579e+01
7.679999999999998295e+01
7.759999999999998010e+01
7.839999999999997726e+01
7.919999999999998863e+01
7.999999999999998579e+01
8.079999999999998295e+01
8.159999999999998010e+01
8.239999999999997726e+01
8.319999999999998863e+01
8.399999999999998579e+01
8.479999999999998295e+01
8.559999999999998010e+01
8.639999999999997726e+01
8.719999999999997442e+01
8.799999999999998579e+01
8.879999999999998295e+01
8.959999999999998010e+01
9.039999999999997726e+01
9.119999999999997442e+01
9.199999999999998579e+01
9.279999999999998295e+01
9.359999999999998010e+01
9.439999999999997726e+01
9.519999999999997442e+01
9.599999999999997158e+01
9.679999999999998295e+01
9.759999999999998010e+01
9.839999999999997726e+01
9.919999999999997442e+01
9.999999999999997158e+01
1.007999999999999829e+02
1.015999999999999801e+02
1.023999999999999773e+02
1.031999999999999744e+02
1.039999999999999716e+02
1.047999999999999829e+02
1.055999999999999801e+02
1.063999999999999773e+02
1.071999999999999744e+02
1.079999999999999716e+02
1.087999999999999829e+02
1.095999999999999801e+02
1.103999999999999773e+02
1.111999999999999744e+02
1.119999999999999716e+02
1.127999999999999687e+02
1.135999999999999801e+02
1.143999999999999773e+02
1.151999999999999744e+02
1.159999999999999716e+02
1.167999999999999687e+02
1.175999999999999801e+02
1.183999999999999773e+02
1.191999999999999744e+02
1.199999999999999716e+02
1.207999999999999687e+02
1.215999999999999659e+02
1.223999999999999773e+02
1.231999999999999744e+02
1.239999999999999716e+02
1.247999999999999687e+02
1.255999999999999659e+02
1.263999999999999773e+02
1.271999999999999744e+02
1.279999999999999716e+02
1.287999999999999829e+02
1.295999999999999659e+02
1.303999999999999773e+02
1.311999999999999602e+02
1.319999999999999716e+02
1.327999999999999829e+02
1.335999999999999659e+02
1.343999999999999773e+02
1.351999999999999602e+02
1.359999999999999716e+02
1.367999999999999829e+02
1.375999999999999659e+02
1.383999999999999773e+02
1.391999999999999602e+02
1.399999999999999716e+02
1.407999999999999545e+02
1.415999999999999659e+02
1.423999999999999773e+02
1.431999999999999602e+02
1.439999999999999716e+02
1.447999999999999545e+02
1.455999999999999659e+02
1.463999999999999773e+02
1.471999999999999602e+02
1.479999999999999716e+02
1.487999999999999545e+02
1.495999999999999659e+02
1.503999999999999773e+02
1.511999999999999602e+02
1.519999999999999716e+02
1.527999999999999545e+02
1.535999999999999659e+02
1.543999999999999773e+02
1.551999999999999602e+02
1.559999999999999716e+02
1.567999999999999545e+02
1.575999999999999659e+02
1.583999999999999773e+02
1.591999999999999602e+02
1.599999999999999716e+02
1.607999999999999545e+02
1.615999999999999659e+02
1.623999999999999773e+02
1.631999999999999602e+02
1.639999999999999716e+02
1.647999999999999545e+02
1.655999999999999659e+02
1.663999999999999773e+02
1.671999999999999602e+02
1.679999999999999716e+02
1.687999999999999545e+02
1.695999999999999659e+02
1.703999999999999488e+02
1.711999999999999602e+02
1.719999999999999716e+02
1.727999999999999545e+02
1.735999999999999659e+02
1.743999999999999488e+02
1.751999999999999602e+02
1.759999999999999716e+02
1.767999999999999545e+02
1.775999999999999659e+02
1.783999999999999488e+02
1.791999999999999602e+02
1.799999999999999716e+02
1.807999999999999545e+02
1.815999999999999659e+02
1.823999999999999488e+02
1.831999999999999602e+02
1.839999999999999716e+02
1.847999999999999545e+02
1.855999999999999659e+02
1.863999999999999488e+02
1.871999999999999602e+02
1.879999999999999716e+02
1.887999999999999545e+02
1.895999999999999659e+02
1.903999999999999488e+02
1.911999999999999602e+02
1.919999999999999432e+02
1.927999999999999545e+02
1.935999999999999659e+02
1.943999999999999488e+02
1.959999999999999432e+02
1.991999999999999602e+02
1.999999999999999432e+02
2.007999999999999545e+02
2.015999999999999659e+02
2.023999999999999488e+02
2.039999999999999432e+02
2.047999999999999545e+02
2.055999999999999659e+02
2.063999999999999488e+02
2.071999999999999602e+02
2.087999999999999545e+02
2.095999999999999659e+02
2.103999999999999488e+02
2.111999999999999602e+02
2.119999999999999432e+02
2.127999999999999545e+02
2.135999999999999659e+02
2.143999999999999488e+02
2.151999999999999602e+02
2.159999999999999432e+02
2.167999999999999545e+02
2.175999999999999659e+02
2.183999999999999488e+02
2.191999999999999602e+02
2.199999999999999432e+02
2.207999999999999545e+02
2.215999999999999375e+02
2.223999999999999488e+02
2.231999999999999602e+02
2.239999999999999432e+02
2.247999999999999545e+02
2.255999999999999375e+02
2.263999999999999488e+02
2.271999999999999602e+02
2.279999999999999432e+02
2.287999999999999545e+02
2.295999999999999375e+02
2.303999999999999488e+02
2.311999999999999602e+02
2.319999999999999432e+02
2.327999999999999545e+02
2.335999999999999375e+02
2.343999999999999488e+02
2.351999999999999602e+02
2.359999999999999432e+02
2.367999999999999545e+02
2.375999999999999375e+02
2.383999999999999488e+02
2.391999999999999602e+02
2.399999999999999432e+02
2.407999999999999545e+02
2.415999999999999375e+02
2.423999999999999488e+02
2.431999999999999318e+02
2.439999999999999432e+02
2.447999999999999545e+02
2.455999999999999375e+02
2.463999999999999488e+02
2.471999999999999318e+02
2.479999999999999432e+02
2.487999999999999545e+02
2.495999999999999375e+02
2.503999999999999488e+02
2.511999999999999318e+02
2.519999999999999432e+02
2.527999999999999545e+02
2.535999999999999375e+02
2.543999999999999488e+02
2.551999999999999318e+02
2.559999999999999432e+02
2.567999999999999545e+02
2.575999999999999659e+02
2.583999999999999204e+02
2.591999999999999318e+02
2.599999999999999432e+02
2.607999999999999545e+02
2.615999999999999659e+02
2.623999999999999204e+02
2.631999999999999318e+02
2.639999999999999432e+02
2.647999999999999545e+02
2.655999999999999659e+02
2.663999999999999204e+02
2.671999999999999318e+02
2.679999999999999432e+02
2.687999999999999545e+02
2.695999999999999659e+02
2.703999999999999204e+02
2.711999999999999318e+02
2.719999999999999432e+02
2.727999999999999545e+02
2.735999999999999659e+02
2.743999999999999204e+02
2.751999999999999318e+02
2.759999999999999432e+02
2.767999999999999545e+02
2.775999999999999659e+02
2.783999999999999204e+02
2.791999999999999318e+02
2.799999999999999432e+02
2.807999999999999545e+02
2.815999999999999091e+02
2.823999999999999204e+02
2.831999999999999318e+02
2.839999999999999432e+02
2.847999999999999545e+02
2.855999999999999091e+02
2.863999999999999204e+02
2.871999999999999318e+02
2.879999999999999432e+02
2.887999999999999545e+02
2.895999999999999091e+02
2.903999999999999204e+02
2.911999999999999318e+02
2.919999999999999432e+02
2.927999999999999545e+02
2.935999999999999091e+02
2.943999999999999204e+02
2.951999999999999318e+02
2.959999999999999432e+02
2.967999999999999545e+02
2.975999999999999091e+02
2.983999999999999204e+02
2.991999999999999318e+02
2.999999999999999432e+02
3.007999999999999545e+02
3.015999999999999091e+02
3.023999999999999204e+02
3.031999999999999318e+02
3.039999999999999432e+02
3.047999999999999545e+02
3.055999999999999091e+02
3.063999999999999204e+02
3.071999999999999318e+02
3.079999999999999432e+02
3.087999999999999545e+02
3.095999999999999091e+02
3.103999999999999204e+02
3.111999999999999318e+02
3.119999999999999432e+02
3.127999999999999545e+02
3.135999999999999091e+02
3.143999999999999204e+02
3.151999999999999318e+02
3.159999999999999432e+02
3.167999999999999545e+02
3.175999999999999091e+02
3.183999999999999204e+02
3.191999999999999318e+02
3.199999999999999432e+02
3.207999999999999545e+02
3.215999999999999091e+02
3.223999999999999204e+02
3.231999999999999318e+02
3.239999999999999432e+02
3.247999999999999545e+02
3.255999999999999091e+02
3.263999999999999204e+02
3.271999999999999318e+02
3.279999999999999432e+02
3.287999999999999545e+02
3.295999999999999091e+02
3.303999999999999204e+02
3.311999999999999318e+02
3.319999999999999432e+02
3.327999999999999545e+02
3.335999999999999091e+02
3.359999999999999432e+02
3.367999999999998977e+02
3.375999999999999091e+02
3.383999999999999204e+02
3.391999999999999318e+02
3.399999999999999432e+02
3.407999999999998977e+02
3.415999999999999091e+02
3.423999999999999204e+02
3.431999999999999318e+02
3.439999999999999432e+02
3.447999999999998977e+02
3.455999999999999091e+02
3.463999999999999204e+02
3.471999999999999318e+02
3.479999999999999432e+02
3.487999999999998977e+02
3.495999999999999091e+02
3.503999999999999204e+02
3.511999999999999318e+02
3.519999999999999432e+02
3.527999999999998977e+02
3.535999999999999091e+02
3.543999999999999204e+02
3.551999999999999318e+02
3.559999999999999432e+02
3.567999999999998977e+02
3.575999999999999091e+02
3.583999999999999204e+02
3.591999999999999318e+02
3.599999999999999432e+02
3.607999999999998977e+02
3.615999999999999091e+02
3.623999999999999204e+02
3.631999999999999318e+02
3.639999999999999432e+02
3.647999999999998977e+02
3.655999999999999091e+02
3.663999999999999204e+02
3.671999999999999318e+02
3.679999999999999432e+02
3.687999999999998977e+02
3.695999999999999091e+02
3.703999999999999204e+02
3.711999999999999318e+02
3.719999999999999432e+02
3.727999999999998977e+02
3.735999999999999091e+02
3.743999999999999204e+02
3.751999999999999318e+02
3.759999999999999432e+02
3.767999999999998977e+02
3.775999999999999091e+02
3.783999999999999204e+02
3.791999999999999318e+02
3.799999999999999432e+02
3.807999999999998977e+02
3.815999999999999091e+02
3.823999999999999204e+02
3.831999999999999318e+02
3.839999999999998863e+02
3.847999999999998977e+02
3.855999999999999091e+02
3.863999999999999204e+02
3.871999999999999318e+02
3.879999999999998863e+02
3.887999999999998977e+02
3.895999999999999091e+02
3.903999999999999204e+02
3.911999999999999318e+02
3.919999999999998863e+02
3.927999999999998977e+02
3.935999999999999091e+02
3.943999999999999204e+02
3.951999999999999318e+02
3.959999999999998863e+02
3.967999999999998977e+02
3.975999999999999091e+02
3.983999999999999204e+02
3.991999999999999318e+02
3.999999999999998863e+02
4.007999999999998977e+02
4.015999999999999091e+02
4.023999999999999204e+02
4.031999999999999318e+02
4.039999999999998863e+02
4.047999999999998977e+02
4.055999999999999091e+02
4.063999999999999204e+02
4.071999999999999318e+02
4.079999999999998863e+02
4.087999999999998977e+02
4.095999999999999091e+02
4.103999999999999204e+02
4.111999999999999318e+02
4.119999999999998863e+02
4.127999999999998977e+02
4.135999999999999091e+02
4.143999999999999204e+02
4.151999999999999318e+02
4.159999999999998863e+02
4.167999999999998977e+02
4.175999999999999091e+02
4.183999999999999204e+02
4.199999999999998863e+02
4.239999999999998863e+02
4.247999999999998977e+02
4.255999999999999091e+02
4.263999999999999204e+02
4.271999999999999318e+02
4.279999999999998863e+02
4.287999999999998977e+02
4.295999999999999091e+02
4.303999999999999204e+02
4.311999999999999318e+02
4.319999999999998863e+02
4.327999999999998977e+02
4.335999999999999091e+02
4.343999999999999204e+02
4.351999999999999318e+02
4.359999999999998863e+02
4.367999999999998977e+02
4.375999999999999091e+02
4.383999999999999204e+02
4.391999999999998749e+02
4.399999999999998863e+02
4.407999999999998977e+02
4.415999999999999091e+02
4.423999999999999204e+02
4.431999999999998749e+02
4.447999999999998977e+02
4.455999999999999091e+02
4.463999999999999204e+02
4.471999999999998749e+02
4.479999999999998863e+02
4.487999999999998977e+02
4.495999999999999091e+02
4.503999999999999204e+02
4.511999999999998749e+02
4.519999999999998863e+02
4.527999999999998977e+02
4.535999999999999091e+02
4.543999999999999204e+02
4.551999999999998749e+02
4.559999999999998863e+02
4.567999999999998977e+02
4.575999999999999091e+02
4.583999999999999204e+02
4.591999999999998749e+02
4.599999999999998863e+02
4.607999999999998977e+02
4.615999999999999091e+02
4.623999999999999204e+02
4.631999999999998749e+02
4.639999999999998863e+02
4.647999999999998977e+02
4.655999999999999091e+02
4.663999999999999204e+02
4.671999999999998749e+02
4.679999999999998863e+02
4.687999999999998977e+02
4.695999999999999091e+02
4.703999999999999204e+02
4.711999999999998749e+02
4.719999999999998863e+02
4.727999999999998977e+02
4.735999999999999091e+02
4.743999999999999204e+02
4.751999999999998749e+02
4.759999999999998863e+02
4.767999999999998977e+02
4.775999999999999091e+02
4.783999999999999204e+02
4.791999999999998749e+02
4.799999999999998863e+02
4.807999999999998977e+02
4.815999999999999091e+02
4.823999999999999204e+02
4.831999999999998749e+02
4.839999999999998863e+02
4.847999999999998977e+02
4.855999999999999091e+02
4.863999999999998636e+02
4.871999999999998749e+02
4.879999999999998863e+02
4.887999999999998977e+02
4.895999999999999091e+02
4.903999999999998636e+02
4.911999999999998749e+02
4.919999999999998863e+02
4.927999999999998977e+02
4.935999999999999091e+02
4.943999999999998636e+02
4.951999999999998749e+02
4.959999999999998863e+02
4.967999999999998977e+02
4.975999999999999091e+02
4.983999999999998636e+02
4.991999999999998749e+02
4.999999999999998863e+02
5.007999999999998977e+02
5.015999999999999091e+02
5.023999999999998636e+02
5.031999999999998749e+02
5.039999999999998863e+02
5.047999999999998977e+02
5.055999999999999091e+02
5.063999999999998636e+02
5.071999999999998749e+02
5.079999999999998863e+02
5.087999999999998977e+02
5.095999999999999091e+02
5.103999999999998636e+02
5.111999999999998749e+02
5.119999999999998863e+02
5.127999999999998408e+02
5.135999999999999091e+02
5.143999999999998636e+02
5.151999999999999318e+02
5.159999999999998863e+02
5.167999999999998408e+02
5.175999999999999091e+02
5.183999999999998636e+02
5.191999999999999318e+02
5.199999999999998863e+02
5.207999999999998408e+02
5.215999999999999091e+02
5.223999999999998636e+02
5.231999999999999318e+02
5.239999999999998863e+02
5.247999999999998408e+02
5.255999999999999091e+02
5.263999999999998636e+02
5.271999999999999318e+02
5.279999999999998863e+02
5.287999999999998408e+02
5.295999999999999091e+02
5.303999999999998636e+02
5.311999999999999318e+02
5.319999999999998863e+02
5.327999999999998408e+02
5.335999999999999091e+02
5.343999999999998636e+02
5.351999999999999318e+02
5.359999999999998863e+02
5.367999999999998408e+02
5.375999999999999091e+02
5.383999999999998636e+02
5.391999999999999318e+02
5.399999999999998863e+02
5.407999999999998408e+02
5.415999999999999091e+02
5.423999999999998636e+02
5.431999999999999318e+02
5.439999999999998863e+02
5.447999999999998408e+02
5.455999999999999091e+02
5.463999999999998636e+02
5.471999999999999318e+02
5.479999999999998863e+02
5.487999999999998408e+02
5.495999999999999091e+02
5.503999999999998636e+02
5.511999999999999318e+02
5.519999999999998863e+02
5.535999999999999091e+02
5.543999999999998636e+02
5.551999999999999318e+02
5.559999999999998863e+02
5.575999999999999091e+02
5.591999999999999318e+02
5.607999999999998408e+02
5.775999999999999091e+02
5.823999999999998636e+02
5.831999999999998181e+02
5.855999999999999091e+02
5.863999999999998636e+02
5.871999999999998181e+02
5.879999999999998863e+02
5.887999999999998408e+02
5.895999999999999091e+02
5.903999999999998636e+02
5.911999999999998181e+02
5.919999999999998863e+02
5.927999999999998408e+02
5.935999999999999091e+02
5.943999999999998636e+02
5.951999999999998181e+02
5.959999999999998863e+02
5.967999999999998408e+02
5.975999999999999091e+02
5.983999999999998636e+02
5.991999999999998181e+02
5.999999999999998863e+02
6.007999999999998408e+02
6.015999999999999091e+02
6.023999999999998636e+02
6.031999999999998181e+02
6.039999999999998863e+02
6.047999999999998408e+02
6.055999999999999091e+02
6.063999999999998636e+02
6.071999999999998181e+02
6.079999999999998863e+02
6.087999999999998408e+02
6.095999999999999091e+02
6.103999999999998636e+02
6.111999999999998181e+02
6.119999999999998863e+02
6.127999999999998408e+02
6.135999999999999091e+02
6.143999999999998636e+02
6.151999999999998181e+02
6.159999999999998863e+02
6.167999999999998408e+02
6.175999999999999091e+02
6.183999999999998636e+02
6.191999999999998181e+02
6.199999999999998863e+02
6.207999999999998408e+02
6.215999999999999091e+02
6.223999999999998636e+02
6.231999999999998181e+02
6.239999999999998863e+02
6.247999999999998408e+02
6.255999999999999091e+02
6.263999999999998636e+02
6.271999999999998181e+02
6.279999999999998863e+02
6.287999999999998408e+02
6.295999999999999091e+02
6.303999999999998636e+02
6.311999999999998181e+02
6.319999999999998863e+02
6.327999999999998408e+02
6.335999999999999091e+02
6.343999999999998636e+02
6.351999999999998181e+02
6.359999999999998863e+02
6.367999999999998408e+02
6.375999999999999091e+02
6.383999999999998636e+02
6.391999999999998181e+02
6.399999999999998863e+02
6.407999999999998408e+02
6.415999999999999091e+02
6.423999999999998636e+02
6.431999999999998181e+02
6.439999999999998863e+02
6.447999999999998408e+02
6.455999999999999091e+02
6.463999999999998636e+02
6.471999999999998181e+02
6.479999999999998863e+02
6.487999999999998408e+02
6.495999999999999091e+02
6.503999999999998636e+02
6.511999999999998181e+02
6.519999999999998863e+02
6.527999999999998408e+02
6.535999999999999091e+02
6.543999999999998636e+02
6.551999999999998181e+02
6.559999999999998863e+02
6.567999999999998408e+02
6.575999999999999091e+02
6.583999999999998636e+02
6.591999999999998181e+02
6.599999999999998863e+02
6.607999999999998408e+02
6.615999999999999091e+02
6.623999999999998636e+02
6.631999999999998181e+02
6.639999999999998863e+02
6.647999999999998408e+02
6.655999999999999091e+02
6.663999999999998636e+02
6.671999999999998181e+02
6.679999999999998863e+02
6.687999999999998408e+02
6.695999999999997954e+02
6.703999999999998636e+02
6.711999999999998181e+02
6.719999999999998863e+02
6.727999999999998408e+02
6.735999999999997954e+02
6.743999999999998636e+02
6.751999999999998181e+02
6.759999999999998863e+02
6.767999999999998408e+02
6.775999999999997954e+02
6.783999999999998636e+02
6.791999999999998181e+02
6.799999999999998863e+02
6.807999999999998408e+02
6.815999999999997954e+02
6.823999999999998636e+02
6.831999999999998181e+02
6.839999999999998863e+02
6.847999999999998408e+02
6.855999999999997954e+02
6.863999999999998636e+02
6.871999999999998181e+02
6.879999999999998863e+02
6.887999999999998408e+02
6.895999999999997954e+02
6.903999999999998636e+02
6.911999999999998181e+02
6.919999999999998863e+02
6.927999999999998408e+02
6.935999999999997954e+02
6.943999999999998636e+02
6.951999999999998181e+02
6.959999999999998863e+02
6.967999999999998408e+02
6.975999999999997954e+02
6.983999999999998636e+02
6.991999999999998181e+02
6.999999999999998863e+02
7.007999999999998408e+02
7.015999999999997954e+02
7.023999999999998636e+02
7.031999999999998181e+02
7.039999999999998863e+02
7.047999999999998408e+02
7.055999999999997954e+02
7.063999999999998636e+02
7.071999999999998181e+02
7.079999999999998863e+02
7.087999999999998408e+02
7.095999999999997954e+02
7.103999999999998636e+02
7.111999999999998181e+02
7.119999999999998863e+02
7.127999999999998408e+02
7.135999999999997954e+02
7.143999999999998636e+02
7.151999999999998181e+02
7.159999999999998863e+02
7.167999999999998408e+02
7.175999999999997954e+02
7.183999999999998636e+02
7.191999999999998181e+02
7.199999999999998863e+02
7.207999999999998408e+02
7.215999999999997954e+02
7.223999999999998636e+02
7.231999999999998181e+02
7.239999999999998863e+02
7.247999999999998408e+02
7.255999999999997954e+02
7.263999999999998636e+02
7.271999999999998181e+02
7.279999999999998863e+02
7.287999999999998408e+02
7.295999999999997954e+02
7.303999999999998636e+02
7.311999999999998181e+02
7.319999999999998863e+02
7.327999999999998408e+02
7.335999999999997954e+02
7.343999999999998636e+02
7.351999999999998181e+02
7.359999999999998863e+02
7.367999999999998408e+02
7.375999999999997954e+02
7.383999999999998636e+02
7.391999999999998181e+02
7.399999999999998863e+02
7.407999999999998408e+02
7.415999999999997954e+02
7.423999999999998636e+02
7.431999999999998181e+02
7.439999999999998863e+02
7.447999999999998408e+02
7.455999999999997954e+02
7.463999999999998636e+02
7.471999999999998181e+02
7.479999999999998863e+02
7.487999999999998408e+02
7.495999999999997954e+02
7.511999999999998181e+02
7.519999999999998863e+02
7.527999999999998408e+02
7.535999999999997954e+02
7.543999999999998636e+02
7.551999999999998181e+02
7.559999999999998863e+02
7.567999999999998408e+02
7.575999999999997954e+02
7.583999999999998636e+02
7.591999999999998181e+02
7.599999999999998863e+02
7.607999999999998408e+02
7.615999999999997954e+02
7.623999999999998636e+02
7.631999999999998181e+02
7.639999999999998863e+02
7.647999999999998408e+02
7.655999999999997954e+02
7.663999999999998636e+02
7.671999999999998181e+02
7.679999999999997726e+02
7.687999999999998408e+02
7.695999999999997954e+02
7.703999999999998636e+02
7.711999999999998181e+02
7.719999999999997726e+02
7.727999999999998408e+02
7.735999999999997954e+02
7.743999999999998636e+02
7.751999999999998181e+02
7.759999999999997726e+02
7.767999999999998408e+02
7.775999999999997954e+02
7.783999999999998636e+02
7.791999999999998181e+02
7.799999999999997726e+02
7.807999999999998408e+02
7.815999999999997954e+02
7.823999999999998636e+02
7.831999999999998181e+02
7.839999999999997726e+02
7.847999999999998408e+02
7.855999999999997954e+02
7.863999999999998636e+02
7.871999999999998181e+02
7.879999999999997726e+02
7.887999999999998408e+02
7.895999999999997954e+02
7.903999999999998636e+02
7.911999999999998181e+02
7.919999999999997726e+02
7.927999999999998408e+02
7.935999999999997954e+02
7.943999999999998636e+02
7.951999999999998181e+02
7.959999999999997726e+02
7.967999999999998408e+02
7.975999999999997954e+02
7.983999999999998636e+02
7.991999999999998181e+02
7.999999999999997726e+02
8.007999999999998408e+02
8.015999999999997954e+02
8.023999999999998636e+02
8.031999999999998181e+02
8.039999999999997726e+02
8.047999999999998408e+02
8.055999999999997954e+02
8.063999999999998636e+02
8.071999999999998181e+02
8.079999999999997726e+02
8.087999999999998408e+02
8.095999999999997954e+02
8.103999999999998636e+02
8.111999999999998181e+02
8.271999999999998181e+02
8.279999999999997726e+02
8.287999999999998408e+02
8.295999999999997954e+02
8.303999999999998636e+02
8.311999999999998181e+02
8.319999999999997726e+02
8.327999999999998408e+02
8.335999999999997954e+02
8.343999999999998636e+02
8.351999999999998181e+02
8.359999999999997726e+02
8.367999999999998408e+02
8.375999999999997954e+02
8.383999999999998636e+02
8.391999999999998181e+02
8.399999999999997726e+02
8.407999999999998408e+02
8.415999999999997954e+02
8.423999999999998636e+02
8.431999999999998181e+02
8.439999999999997726e+02
8.447999999999998408e+02
8.455999999999997954e+02
8.463999999999998636e+02
8.471999999999998181e+02
8.479999999999997726e+02
8.487999999999998408e+02
8.495999999999997954e+02
8.503999999999998636e+02
8.511999999999998181e+02
8.519999999999997726e+02
8.527999999999998408e+02
8.535999999999997954e+02
8.543999999999998636e+02
8.551999999999998181e+02
8.559999999999997726e+02
8.567999999999998408e+02
8.575999999999997954e+02
8.583999999999998636e+02
8.591999999999998181e+02
8.599999999999997726e+02
8.607999999999998408e+02
8.615999999999997954e+02
8.623999999999998636e+02
8.631999999999998181e+02
8.639999999999997726e+02
8.647999999999998408e+02
8.655999999999997954e+02
8.663999999999998636e+02
8.671999999999998181e+02
8.679999999999997726e+02
8.687999999999998408e+02
8.695999999999997954e+02
8.703999999999998636e+02
8.711999999999998181e+02
8.719999999999997726e+02
8.727999999999998408e+02
8.735999999999997954e+02
8.743999999999997499e+02
8.751999999999998181e+02
8.759999999999997726e+02
8.767999999999998408e+02
8.775999999999997954e+02
8.783999999999997499e+02
8.791999999999998181e+02
8.799999999999997726e+02
8.807999999999998408e+02
8.815999999999997954e+02
8.823999999999997499e+02
8.831999999999998181e+02
8.839999999999997726e+02
8.847999999999998408e+02
8.855999999999997954e+02
8.863999999999997499e+02
8.871999999999998181e+02
8.879999999999997726e+02
8.887999999999998408e+02
8.895999999999997954e+02
8.903999999999997499e+02
8.911999999999998181e+02
8.919999999999997726e+02
8.927999999999998408e+02
8.935999999999997954e+02
8.943999999999997499e+02
8.951999999999998181e+02
8.959999999999997726e+02
8.967999999999998408e+02
8.975999999999997954e+02
8.983999999999997499e+02
8.991999999999998181e+02
8.999999999999997726e+02
9.007999999999998408e+02
9.015999999999997954e+02
9.023999999999997499e+02
9.031999999999998181e+02
9.039999999999997726e+02
9.047999999999998408e+02
9.055999999999997954e+02
9.063999999999997499e+02
9.071999999999998181e+02
9.079999999999997726e+02
9.087999999999998408e+02
9.095999999999997954e+02
9.103999999999997499e+02
9.111999999999998181e+02
9.119999999999997726e+02
9.127999999999998408e+02
9.135999999999997954e+02
9.143999999999997499e+02
9.151999999999998181e+02
9.159999999999997726e+02
9.167999999999998408e+02
9.175999999999997954e+02
9.183999999999997499e+02
9.191999999999998181e+02
9.199999999999997726e+02
9.207999999999998408e+02
9.215999999999997954e+02
9.223999999999997499e+02
9.231999999999998181e+02
9.239999999999997726e+02
9.247999999999998408e+02
9.255999999999997954e+02
9.263999999999997499e+02
9.271999999999998181e+02
9.279999999999997726e+02
9.287999999999998408e+02
9.295999999999997954e+02
9.303999999999997499e+02
9.311999999999998181e+02
9.319999999999997726e+02
9.327999999999998408e+02
9.335999999999997954e+02
9.343999999999997499e+02
9.351999999999998181e+02
9.359999999999997726e+02
9.367999999999998408e+02
9.375999999999997954e+02
9.383999999999997499e+02
9.391999999999998181e+02
9.399999999999997726e+02
9.407999999999998408e+02
9.415999999999997954e+02
9.423999999999997499e+02
9.431999999999998181e+02
9.439999999999997726e+02
9.447999999999998408e+02
9.455999999999997954e+02
9.463999999999997499e+02
9.471999999999998181e+02
9.479999999999997726e+02
9.487999999999998408e+02
9.495999999999997954e+02
9.503999999999997499e+02
9.511999999999998181e+02
9.519999999999997726e+02
9.527999999999998408e+02
9.535999999999997954e+02
9.543999999999997499e+02
9.551999999999998181e+02
9.559999999999997726e+02
9.567999999999998408e+02
9.575999999999997954e+02
9.583999999999997499e+02
9.591999999999998181e+02
9.599999999999997726e+02
9.607999999999998408e+02
9.615999999999997954e+02
9.623999999999997499e+02
9.631999999999998181e+02
9.639999999999997726e+02
9.647999999999998408e+02
9.655999999999997954e+02
9.663999999999997499e+02
9.671999999999998181e+02
9.679999999999997726e+02
9.687999999999998408e+02
9.695999999999997954e+02
9.703999999999997499e+02
9.711999999999998181e+02
9.719999999999997726e+02
9.727999999999997272e+02
9.735999999999997954e+02
9.743999999999997499e+02
9.751999999999998181e+02
9.759999999999997726e+02
9.767999999999997272e+02
9.775999999999997954e+02
9.783999999999997499e+02
9.791999999999998181e+02
9.799999999999997726e+02
9.807999999999997272e+02
9.815999999999997954e+02
9.823999999999997499e+02
9.831999999999998181e+02
9.839999999999997726e+02
9.847999999999997272e+02
9.855999999999997954e+02
9.863999999999997499e+02
9.871999999999998181e+02
9.879999999999997726e+02
9.887999999999997272e+02
9.895999999999997954e+02
9.903999999999997499e+02
9.911999999999998181e+02
9.919999999999997726e+02
9.927999999999997272e+02
9.935999999999997954e+02
9.943999999999997499e+02
9.951999999999998181e+02
9.959999999999997726e+02
9.967999999999997272e+02
9.975999999999997954e+02
9.983999999999997499e+02
9.991999999999998181e+02
9.999999999999997726e+02
1.000799999999999727e+03
1.001599999999999795e+03
1.002399999999999750e+03
1.003199999999999818e+03
1.003999999999999773e+03
1.004799999999999727e+03
1.005599999999999795e+03
1.006399999999999750e+03
1.007199999999999818e+03
1.007999999999999773e+03
1.008799999999999727e+03
1.009599999999999795e+03
1.010399999999999750e+03
1.011199999999999818e+03
1.011999999999999773e+03
1.012799999999999727e+03
1.013599999999999795e+03
1.014399999999999750e+03
1.015199999999999818e+03
1.015999999999999773e+03
1.016799999999999727e+03
1.017599999999999795e+03
1.018399999999999750e+03
1.019199999999999818e+03
1.019999999999999773e+03
1.020799999999999727e+03
1.021599999999999795e+03
1.022399999999999750e+03
1.023199999999999818e+03
1.023999999999999773e+03
1.024799999999999727e+03
1.025599999999999682e+03
1.026399999999999864e+03
1.027199999999999818e+03
1.027999999999999773e+03
1.028799999999999727e+03
1.029599999999999682e+03
1.030399999999999864e+03
1.031199999999999818e+03
1.031999999999999773e+03
1.032799999999999727e+03
1.033599999999999682e+03
1.034399999999999864e+03
1.035199999999999818e+03
1.035999999999999773e+03
1.036799999999999727e+03
1.037599999999999682e+03
1.038399999999999864e+03
1.039199999999999818e+03
1.039999999999999773e+03
1.040799999999999727e+03
1.041599999999999682e+03
1.042399999999999864e+03
1.043199999999999818e+03
1.043999999999999773e+03
1.044799999999999727e+03
1.045599999999999682e+03
1.046399999999999864e+03
1.047199999999999818e+03
1.047999999999999773e+03
1.048799999999999727e+03
1.049599999999999682e+03
1.050399999999999864e+03
1.051199999999999818e+03
1.051999999999999773e+03
1.052799999999999727e+03
1.053599999999999682e+03
1.054399999999999864e+03
1.055199999999999818e+03
1.055999999999999773e+03
1.056799999999999727e+03
1.057599999999999682e+03
1.058399999999999864e+03
1.059199999999999818e+03
1.059999999999999773e+03
1.060799999999999727e+03
1.061599999999999682e+03
1.062399999999999864e+03
1.063199999999999818e+03
1.063999999999999773e+03
1.064799999999999727e+03
1.065599999999999682e+03
1.066399999999999864e+03
1.067199999999999818e+03
1.067999999999999773e+03
1.071199999999999818e+03
1.071999999999999773e+03
1.072799999999999727e+03
1.073599999999999682e+03
1.074399999999999864e+03
1.076799999999999727e+03
1.077599999999999682e+03
1.078399999999999864e+03
1.079199999999999818e+03
1.079999999999999773e+03
1.080799999999999727e+03
1.082399999999999864e+03
1.083199999999999818e+03
1.083999999999999773e+03
1.085599999999999682e+03
1.086399999999999864e+03
1.087199999999999818e+03
1.089599999999999682e+03
1.090399999999999864e+03
1.091199999999999818e+03
1.091999999999999773e+03
1.092799999999999727e+03
1.093599999999999682e+03
1.095199999999999818e+03
1.095999999999999773e+03
1.097599999999999682e+03
1.098399999999999864e+03
1.099199999999999818e+03
1.102399999999999864e+03
1.103199999999999818e+03
1.108799999999999727e+03
1.109599999999999682e+03
1.118399999999999864e+03
1.124799999999999727e+03
1.125599999999999682e+03
1.126399999999999636e+03
1.128799999999999727e+03
1.132799999999999727e+03
1.142399999999999636e+03
1.145599999999999682e+03
1.186399999999999636e+03
